0 0.753390875462392 0.2589348769316985 0.16769420468557325 0.2589395807644883
0 0.22934648581997535 0.48181257706535147 0.029593094944512933 0.06473489519112206
0 0.2928483353884094 0.43279901356350187 0.025893958076448804 0.07398273736128232
0 0.35450061652281134 0.3791615289765722 0.01849568434032058 0.059186189889025936
0 0.21331689272503085 0.3560419235511714 0.02219482120838471 0.057336621454993804
0 0.19790382244143032 0.24784217016029594 0.02836004932182494 0.08138101109741061
0 0.27743526510480887 0.21270036991368685 0.024660912453760772 0.07028360049321822
0 0.33353884093711467 0.18958076448828606 0.02589395807644877 0.07583230579531444
0 0.34463625154130706 0.2922318125770654 0.023427866831072775 0.07398273736128239
0 0.281134401972873 0.3181257706535142 0.024660912453760807 0.07398273736128239
